100
6 1 1000000000000000
1 1 1 1 0 100 0
6 1 -100
1 1 1 1 0 100 0
500000 440444 3504570
6 5 745286866 683893797 342612979 11 0
207502 92965 -274494761748683
815867530 519289916 189503821 132562015 616401044 956910602 0
256220 42837 883217527408171
431021179 695704998 869511801 522853667 875324066 515750637 0
206821 129699 836241234102866
621500610 896496412 33719995 345966626 881692375 184341669 0
107032 107032 1000000000000000
670642030 786321144 309021371 67341852 408855192 552983191 0
271316 199485 842838722528034
277699039 132122289 499459561 441564569 428456730 147634163 0
368604 197809 -790447289884436
233337578 875037859 859994705 926291536 405262830 629664597 0
157842 106646 558665546190160
800260391 739657406 933142713 139030495 707013308 394184001 0
2 0 1000000000000000
1 1 0 0 0 1000000000 0
27592 3077 168749034863927
338641785 205080480 835693049 523039209 11098505 876790074 0
500000 271708 1000000000000000
740250602 143814093 660309647 240251842 6883248 464576097 0
83315 415 -378064274549279
796280374 205099941 90690030 415581765 350012925 831726345 0
500000 500000 1000000000000000
0 0 0 0 0 1000000000 0
68167 27697 747808111853946
198678389 673260105 822424666 9733236 600689997 296142591 0
209543 195175 -451925350939881
981024712 566444214 819773735 462504439 430524430 408888323 0
500000 67283 1000000000000000
197289189 565098698 104565487 460733974 989193284 691795575 0
500000 446570 4825791
9 4 885092906 761684690 616582340 11 0
500000 25119 1207060
2 3 732817315 634571447 578686972 11 0
485606 485606 1000000000000000
422650963 694120996 234865802 678064183 603274797 29609075 0
452945 0 603113530033095
36536291 36536291 0 0 36536291 1000000000 0
234696 21095 -461854182910416
406033697 553970253 440139197 401441920 521168453 230394517 0
500000 351068 -86734961294970
864508942 677130359 376698508 867828825 13423308 816462253 0
401862 83354 1000000000000000
743835201 487875899 798869696 405209960 521203946 846365037 0
242600 220933 -875162141039003
266720407 504567194 561055618 150178765 525651604 743269663 0
500000 0 -673957361700626
957780547 957780547 0 0 957780547 1000000000 0
286488 286488 16349119322672
184830009 897117157 230862321 103266253 452564274 399974115 0
58128 58127 675848865838151
598626263 710363571 391979736 905521446 477286132 179486385 0
286488 132909 1000000000000000
311218913 904297086 909708456 458079682 912528268 854998125 0
126877 0 -658652385748232
619734841 619734841 0 0 619734841 1000000000 0
378124 243786 -504656807089676
730720134 22977659 700446805 193024371 452254929 440510567 0
290960 27574 70964832051234
18654754 555832345 240972159 512173482 17817103 910935309 0
500000 486834 -290696191753661
969861462 748433296 11662725 931369062 986430224 669866273 0
452020 270224 -948574063711704
164697135 465092019 615142161 584447337 435737459 716456569 0
497355 497355 1000000000000000
276741159 481412451 854033921 282121512 912446168 735504511 0
500000 500000 -865124013593480
792328553 525591356 523631323 999432989 812892581 810211921 0
432584 0 23244052584965
303608861 303608861 0 0 303608861 1000000000 0
424323 284205 175452811172517
583384169 882038375 427699398 602828883 194642847 952584021 0
454463 185219 745329567053932
677055805 263409865 559846902 517361975 638154123 261770093 0
198608 176469 -28596582993372
963556042 800504984 255791019 347502243 30729030 285532753 0
190355 136864 578810703235966
234704113 631934271 324881511 256718802 102203578 829356067 0
112047 19667 -688767612881186
838259265 447982424 368466506 848893353 373350032 965469435 0
283170 65530 -707501275434594
787549872 48763841 957038617 253946965 864461355 701018205 0
60460 45057 922970550574189
813890728 682588566 708782420 39863174 193815180 754967635 0
500000 215105 -750572817219373
942534027 206973472 371656984 285542365 291740868 696754455 0
500000 0 -308306889027161
68904483 68904483 0 0 68904483 1000000000 0
423740 67821 -172721160585726
179999672 689248765 415554125 110741749 611700378 180135805 0
59080 50271 -123872073970387
310835116 297443206 72840318 53828071 90829361 303635240 0
500000 220548 1149725
3 3 816099129 845524799 921277132 11 0
276209 242427 -969693067133759
783653501 952849633 901638262 315479068 565224060 45780115 0
404779 227457 -570682457795016
101629234 735564478 848257390 625152375 769257730 209193757 0
396546 266759 105524310143973
355572831 378931703 83995665 436774327 40576618 135810761 0
467803 95715 982300810009072
354642672 147109210 307143890 450535940 228076851 144244049 0
476488 234111 892361096275129
485662147 291991370 213932668 302143819 72816506 797482015 0
218886 41357 428212938677229
677715617 724065796 216691764 754812164 249057197 459445881 0
312736 197055 738996300583808
53882531 901674220 746110303 332721261 329632889 476565505 0
98470 0 -183302022464864
955847041 955847041 0 0 955847041 1000000000 0
286488 34281 695135391803202
705732256 436076688 312665357 618189282 92514902 605642325 0
496396 206259 158950148773022
101660143 654390242 468581346 459099402 782591844 477017589 0
37186 17717 808107295664163
71163710 768910043 772567801 610304731 347621383 740364975 0
500000 233126 1000000000000000
399207465 130257408 779857173 260018141 378140993 738861581 0
500000 108973 4463908
3 6 551557925 682469320 15225401 11 0
441301 375995 380352095215237
651385734 878746445 767259130 840224386 568027725 253536705 0
255714 157686 574975849474090
826952969 377399395 115778802 858960864 984371526 468870385 0
268187 213237 91462066812306
836693750 286032423 758728170 583405525 864777429 76400832 0
500000 500000 1000000000000000
747333026 587345284 513798184 892377130 384222690 642189763 0
180985 65179 -240186214668979
65743295 597346129 652598649 470172805 298427134 812387619 0
401862 364705 -497217794093492
564800789 650268065 961620119 310570948 956400177 956017203 0
500000 500000 1000000000000000
881238357 271763302 336768616 7218964 565278886 745502781 0
68895 9401 987602363410433
831722145 44643313 887376704 997220287 856746283 678251389 0
419012 51560 -414849005727737
586381816 184577064 764074918 830289648 906988886 732699195 0
500000 461025 -520237198866952
130562725 594270722 111152059 263707055 185048150 194509049 0
500000 0 145976914848870
194364553 194364553 0 0 194364553 1000000000 0
500000 500000 -164388396068732
486819041 164315201 472897598 463531880 654123411 803745297 0
268992 101254 859019545838706
976275013 852830102 387611447 950098603 863847052 797266265 0
368604 368604 91968683766439
526097749 570460793 931397407 184036101 237364051 566054631 0
500000 201260 1295654
5 5 813565017 260668054 318078865 11 0
411836 101339 -117234462152449
55863256 875087097 270490541 607505477 598089153 576335815 0
424323 424323 -297802246850405
867943498 33183980 330685771 905435591 638680125 837972859 0
500000 500000 -537817644333123
14037175 814002039 852281970 905214780 229760664 854939935 0
2 2 1000000000000000
1 1 0 0 0 1000000000 0
500000 253793 56609
7 6 367294587 808778786 421996087 11 0
500000 125000 125000
1 0 0 1 0 2 0
500000 0 531522512956338
563851583 563851583 0 0 563851583 1000000000 0
500000 500000 1000000000000000
350362533 812925488 208557561 46043140 479177940 316199887 0
500000 500000 1000000000000000
999999999 999999999 0 0 999999999 1000000000 0
500000 437940 1607303
8 9 560736949 344179146 640995467 11 0
500000 0 1000000000000000
1 1 0 1 0 1000000000 0
500000 500000 -801282848737494
919743334 709746380 701648837 215917880 975789313 481048089 0
424323 354316 1000000000000000
718735700 138988474 659958992 572792350 136542474 493471321 0
79096 19577 915130260712377
17979 50598952 236722007 438120539 157366192 785329656 0
2 1 1000000000000000
1 1 0 0 0 1000000000 0
368604 32690 1000000000000000
938320985 777083213 804019570 513031007 355363335 788395505 0
500000 389109 1000000000000000
951303877 628774177 3802238 812707028 177093814 428326955 0
325597 325597 1000000000000000
143399058 429480935 193198399 26996880 464427758 127351061 0
121598 14095 780996511020385
999234990 993955619 857278768 692657581 620156395 184928451 0
500000 500000 1000000000000000
775302975 916242469 661107678 685097085 64350259 73660497 0
401862 401862 306414571227666
510190272 494911490 438085599 108919356 534699236 109327273 0
261645 818 -618390218353197
932087357 466051007 437522403 564762539 199984987 758072801 0
