100
3 2
1 4 1 1 0 11
4 1 1 1 8 11
2 5 0 0 0 11
4 1 0 0 0 11
962 989
203537841 332840940 612289900 534711 9171257 788335397
959113419 460862692 440704842 125345222 611370021 876714577
616277110 30762957 571976583 313826915 163744071 750832968
278485893 682792867 449275539 889248509 844900887 367321824
999 982
791638322 54680550 607156101 218119444 122477782 355111200
7152128 3517851 2206324 7055124 3231997 9051940
103182368 339759111 345659666 822348293 307567344 563992107
5888318 7681090 7580556 2073969 6791963 5351080
997 975
117442054 23722051 480884928 911840919 996847902 864786961
451211312 316630319 628301506 331023795 983344609 55115718
676187911 935331865 430436891 83192253 900094475 22721845
679268662 332408558 875282884 241182790 741840541 698533132
1000 995
60245933 498269964 524527501 452600145 27977304 397047073
7211461 1423123 4712215 9057022 9473258 7708871
431082777 788406534 49840376 864852249 405744517 358226997
1555910 3434638 4706676 6317021 1764434 1773880
963 961
718694878 510121320 291491292 642890689 180732065 672157496
9272270 6280092 8291905 861015 3191017 6995626
908770923 514324330 389896846 260921480 58901929 730630434
2005106 7344555 1862453 1691637 6306989 9272897
984 976
849749542 192469665 108410560 365502381 294343133 550477151
9701953 4764319 6101379 872442 2814574 338950
759107524 746740774 587781430 976163172 251811982 774798310
9700249 6912094 6865766 2549401 9181597 7634022
991 960
487468227 400215452 625478112 759094248 582428706 518871602
6656499 2905289 338275 8092236 4973810 3105637
174087698 45620875 723886007 952048166 391691224 349782769
1434908 2290677 767640 5885678 6444697 3079659
995 961
801593270 39029771 804755351 438651801 350207889 872433893
8821235 3076000 1330246 4548385 5911663 4428309
615682657 57949088 239260859 24034289 14421992 517432512
7295556 9983059 6896842 4542187 7834225 7730662
1000 1000
188671750 5708577 297641350 284844711 574271738 118086714
824593863 763707677 57007738 574732177 589541644 542020106
860061359 450568462 0 0 112453428 80242274
816084777 297218673 543278702 987023758 336783214 821418020
982 968
647068912 660609986 658919781 481534277 574755957 981863715
8617912 4820660 4179295 6214567 6699829 8515704
377911501 349673616 615613594 39668713 968074854 174608347
4375048 1031866 4798358 1808660 9179987 8884498
977 965
188512111 495844092 747850738 507047429 570689378 341628587
6370699 4924294 2026559 8608389 4674666 8598522
156781050 46952965 702924614 414899270 190346102 439879086
2338860 1153584 4138238 2842113 2680424 4454589
989 976
203069639 952024712 858857534 931497742 910079554 265603543
1893593 2212758 8192233 5552732 3456923 7036125
120903865 208303253 682057934 860573692 619018214 846441740
786093 9080671 2565933 5481717 1121770 5266281
972 957
325132474 942692765 699017854 668251483 777058715 384833452
5545035 8630851 8544413 3186800 4956522 5979624
989621293 337402392 824673104 739036120 328299496 778068677
8726631 9747631 3864284 3453788 8525320 5990741
974 992
848456573 516227379 280349639 792532931 240374008 299843444
280300326 679600361 639664310 700512721 873492996 52296532
855828177 70738361 841552437 602062288 389135800 92342431
900031000 70702844 319336413 996741939 267179564 906682800
1000 1000
97757432 84110822 628897545 693463948 957914468 825089773
763685683 864317279 879535309 735020961 839663565 817816847
97757432 84110822 628897545 693463948 957914468 825089773
486279783 481768911 418706674 945199424 556237449 966152713
982 975
842434367 817960563 315702873 457782635 242288919 793622143
41637 3264869 2830716 9976925 7578149 2877379
650810859 818012470 524187653 656954371 46777131 661101450
8578075 8887369 3726638 2702672 5770102 791576
1000 1000
1 2 1 0 0 1001
1000 999 1 0 998 1000
1 2 1 0 0 1001
1001 1001 0 0 1000 1001
982 988
318097762 769241877 846614558 548507345 357118003 957091779
8139529 4792944 1207481 6876404 8885485 2571321
408476385 865059207 326628311 293435931 561966719 795590995
320286 218849 6024066 4740590 8821320 524895
1000 1000
10 20 1 0 9 100005
10 10 0 0 9 100005
12345 54321 2 3 4 10243
3 10 7 9 4 17
951 994
829427181 461886225 911926039 512263831 353740255 143288381
585374503 539077271 602369350 984794266 135153728 10100825
323257609 382020044 750118429 491715835 343923596 956889723
591619688 262288699 741209360 957810993 723786104 803332516
986 991
894671564 176097940 462836906 158793440 434158803 134942469
914050796 389591999 602467646 698379688 880231078 470357556
894448569 660804113 741793456 998104725 963395539 255903361
171912722 598020311 373165116 350394287 982098843 61072258
962 1000
964955113 927959401 726999741 428663201 142774710 24444522
465084525 350655471 23754409 4793770 991576196 282082350
842455490 297360195 276626926 908882464 164620319 718863153
214404251 778915975 41902894 477543344 74244802 747614612
1000 960
700436294 533749103 84471424 919841937 238542234 441344636
332187793 603805255 493988281 510855175 628996997 850355930
803096073 15261217 344736802 179802988 757296685 496281767
590618976 466594617 708374544 235570464 33776370 960105221
972 961
342397424 925693019 193495974 679776685 778947587 803158086
2131191 3253907 4536527 4562710 2547985 3736748
656182981 330705290 843784141 886522476 499773163 307442211
7295473 8263476 2454344 1104504 9913825 198626
987 990
46927124 39316932 195021911 384820296 348029948 718790279
546068750 306740050 764888627 114358736 62421258 454187838
987555626 100139854 367575693 465728615 718247816 157022006
932171545 445810487 754128736 353007302 284695230 177413684
975 971
787508181 250400471 613527267 301224061 357561537 878726346
179240815 278365165 138632994 805370058 695038613 455445052
328505015 276005261 412011729 910275085 903178259 468850974
314917971 379429181 479613989 464871825 923036610 333095099
976 984
579794749 164036755 195263011 76598425 781966170 547521116
3817936 6031460 7488819 8691955 1904509 2296946
608494554 968478752 98438527 677598398 593595147 993061391
570300 7228542 4491957 6139790 7669830 3277218
992 975
105187495 339105970 200023691 227238777 167074871 175738466
3734676 5714934 3588366 8756695 9916580 6657771
600518132 455956919 526848662 614983833 593215303 258085354
4751823 8376621 5303760 3040304 8956986 92178
988 960
81123903 266498325 236760394 343394806 140457729 5087218
163990486 578813085 207636558 209756144 688602455 287940564
111854472 538781613 219846856 535345554 549951185 418898595
852939473 7916731 899555928 3408261 322073876 330936934
980 964
364938790 57391120 88869682 818410845 137164087 112519364
698557542 219641544 327062841 624642345 449525591 246032956
289682044 249119619 785340927 479997290 674983987 303756472
642741399 938833833 326589824 633514435 27282571 170337295
1000 1000
743572698 221339227 106698784 618591795 475447684 544660860
814714870 900627605 633322325 649700198 513441185 940608095
743572698 221339227 106698784 618591795 475447684 544660860
814714870 900627605 633322325 649700198 513441185 940608095
993 951
960576716 172106602 460901837 484484534 898205565 362261867
5132858 5961330 3157889 8230339 6721755 4081856
942051579 649372117 596414409 833171599 645882665 787832430
2791545 5674630 5716758 4839118 9595105 634513
986 960
2648078 283924756 655027725 979844883 773093143 873989754
733223878 409882811 750134740 125765657 400059333 371112743
79785544 764655672 929216243 438840693 929161533 142160177
711676513 991081456 476863345 354650077 120153090 487566619
983 998
645516949 635917204 302741142 973149826 180486715 826276034
756954592 12507949 885707527 172002336 846651364 432193
189065405 453862994 982888718 839333484 115961407 703343145
528397047 9016741 751976093 651334065 745968501 468113685
958 993
7402 2241 7606 3164 2063 2565
5315 7123 4957 410 4462 2951
6418 7452 7249 8664 6548 5776
478 8528 4812 3907 5594 1842
989 967
402261755 441056612 459134379 993381077 351253346 805448307
4307710 8555451 5848005 6043943 950983 6805042
788460689 159890292 798243789 697233060 292970437 366179841
7791734 9560802 2910491 9202572 268301 2154221
983 987
218547091 66048571 14329102 727438064 259495425 467296770
597672864 858913652 998025059 993991745 869846401 821789704
786578434 646124323 989959204 999441304 936678016 990922844
508309963 170313806 364755270 942003993 219173252 786701474
984 955
744839311 63880147 797313219 955286107 330532356 731253126
8101101 9753005 9797432 4012776 9246756 7252189
944208583 342810031 519755105 998454525 979420742 784228940
2692927 3625975 8200447 7929116 146843 4897974
966 954
63 8404 3582 7202 147 7774
4216 6201 5014 4397 3588 1291
6125 6727 8988 835 1859 3645
7902 3976 1723 3632 5509 5610
988 986
4052 1135 8071 8670 978 7245
71 6 23 44 1 78
40 4402 5961 9188 4309 4612
84 10 12 54 19 32
953 968
373950697 892911114 688145472 309610244 546594778 691271404
8793158 3198960 1559882 6257605 9151993 9946949
861274143 428356761 988846846 902007779 628547394 556327576
5576086 9455227 7233837 2166081 3091584 2246709
972 960
14020051 456163216 901338452 529682172 273640680 70740114
7057185 673886 7021787 2021286 2404871 4830600
865703491 892156455 257431968 210049144 401969207 327410419
3814510 7265785 2322660 8418780 6957295 1169811
966 998
3178 5665 8022 6415 89 7942
20 7 17 47 67 53
2194 9368 5486 7813 714 7166
4 74 77 87 69 7
985 984
10658300 673040458 728565304 737904511 141671956 922749722
671929076 744119945 996880706 445696486 222665834 494591606
989510082 479249009 939755493 242119516 26146740 60480863
658334559 722664957 353465755 637884525 690249430 48913876
981 979
366276192 100650391 339513875 363703740 702517584 568902065
5713052 2457078 2211367 345143 1807141 7506145
496267020 773204393 744379010 521086106 67437787 432127947
9728478 5172187 3681827 4202227 6829953 2831609
982 986
900295510 489904120 876013608 51732132 846822705 603803650
582749406 854798770 650344564 233454345 139870798 475965845
350527405 615718511 92261306 389846778 396892864 986338965
308103541 196874497 916600712 520137580 557126645 423560058
978 976
335151409 243161952 694094209 810235796 98847120 605155708
589569664 57800324 536276895 720891944 613957017 768307017
577324268 271349963 950024491 239777111 43709958 802889540
203723667 802565612 148953511 283045945 28407376 569455728
984 979
508556333 977556794 375917963 259948063 175045618 538209051
1190037 286973315 403216035 480252647 623123800 473774064
327712230 308878475 876845811 398418436 418255741 680226758
891084520 171919248 179343020 120319983 161868615 924742390
985 963
575276541 780951862 112342661 388415213 348034927 504303931
969689460 429647711 606202347 491055514 253758838 193494128
380433790 866286086 162581945 801704247 915631507 172978185
418012585 109574574 891027884 251750973 156358277 123185980
2 1000
99999 1 0 0 0 999
99998 2 0 0 0 999
1 2 3 4 5 131071
2 3 4 5 6 262145
987 953
134600750 573174382 256129544 49803581 517947061 286844327
7324004 4661431 6719042 4079193 7278269 692234
836194183 39259467 641349870 46556716 394970083 254801038
3817613 6756974 8561526 4849567 9466796 7141390
1000 1000
1000000 2000000 1 0 999999 1000000000
500000 501000 1 0 1999 1853081
50216 514 7 445 6737 998500201
36336 33663 63 36 33 1787783
994 983
455589041 486068825 840767919 522401225 192612028 448391599
9268265 2638781 7738320 9030733 3753463 5240414
903649925 33297798 941540974 272928831 582005839 181772534
8851344 5415700 3424100 9221518 6884552 2635546
972 978
60554615 405961272 152621229 185964942 31305640 739707049
1466460 9723235 1476078 4158589 2276429 9949423
967516894 205328552 709898660 922724117 963054063 442881479
5623913 5847277 5268208 9549001 3489276 2902273
958 993
878537094 16138540 965216871 166503352 841099151 615352059
8290602 8817412 4939012 2121754 9883699 5603089
703425684 405651926 154598188 845953033 190144430 949871564
9728235 3562731 4971381 1628825 815099 1585676
987 962
701951662 187745203 56486692 276628085 887736973 870528681
426767273 942353998 769899851 382349781 768305673 490436235
924841308 495430534 74821823 443412400 384538205 117987768
928583680 850242763 497686093 54477557 299028639 302862770
997 971
487237072 333401825 259540761 869008667 427158348 718183573
7245222 4885636 11756 2354271 5392506 7269294
243127244 591896146 870650928 747472559 244606182 303554473
4309938 3943977 9439697 7291783 2593050 6024674
957 995
144792047 295569098 511198168 839642976 200259488 780463481
9794956 2453449 6405960 4215669 1006716 7119894
321829172 758501095 213013176 802225584 23952757 179498145
4838135 4265927 9251137 4555002 4403177 5339469
950 962
783268353 104302782 304843832 327835447 261410677 883860152
101462138 539568430 537304491 137566700 203887959 620579185
593771261 352097957 827962311 465769422 302521084 28394197
573363997 654181180 869835322 553248938 42598165 684453817
998 954
799754138 787454097 461213488 810065999 162730544 366914395
513418740 754101990 175769330 359007218 932822083 717087132
128111176 645749461 746911498 298497741 597997974 837864117
136066768 724783434 960236727 847941129 426062736 510556640
968 976
535081984 829515312 154607719 242508620 244825120 962104945
726280253 846958267 552546021 62733112 442579151 700162262
544234423 258744147 870147474 399819831 480850501 628976807
316186968 673936947 363891557 903610949 507896207 841140712
961 962
2907 9008 2867 4770 6323 9997
96 70 47 31 55 43
6716 3582 1873 3439 8688 6625
1 32 42 80 65 53
978 967
757155220 352672494 693250044 51428872 792897461 401864663
161483263 554967683 418882745 291879475 36029717 367984052
39940129 648895747 301719826 247606425 42184494 947484795
275299082 442128693 252232468 395019206 890961785 226108060
999 962
735765964 562244281 401997047 331896501 896317126 117192813
2897742 5039634 4889793 3507836 5162281 479696
435170856 909710994 209440069 598169586 492703522 419805540
5676227 7261863 171282 1853803 4368521 6570955
958 987
698653912 735026201 575688373 761728673 138790153 196083293
4182780 6206848 918775 7690696 8714502 8126787
854196866 225149757 319679591 16249138 372696802 872704095
5402768 4717185 5438875 7036023 4747074 5322321
1000 970
924985276 522890866 846808100 35458685 789415795 492172376
5799934 4934324 8401555 1595360 3199102 1200692
837973072 841259933 406917787 949188742 296981496 794609458
5131445 797648 158475 3153230 5822509 7603428
968 957
404000222 43699179 419836839 275695746 877000027 826469080
6709640 564113 2678085 6343050 9419644 7089105
251027997 725791543 671090584 533835826 640167505 492308965
7663169 930514 1206892 6733667 9429723 7127841
994 984
963042849 936694816 141994991 749173208 825227188 557871258
979569598 281857635 620685777 257615889 565914311 765213935
60343943 225099327 892431390 40974739 806324570 407924193
410386810 60263044 905203465 908843503 926685508 42387088
955 964
281959934 989085955 116298944 539482588 515391530 175457463
4388518 1193458 2289774 2677134 4991962 8509159
70003747 28182955 123602326 95721931 944605436 570927082
9153753 3915142 2850419 1070551 5882304 280879
983 999
158293145 728852822 787420504 72972806 987794346 598702836
5207764 2972963 2823780 1737962 9893471 8361205
999489973 3863980 50805351 711387196 732054146 489243484
6842181 2640368 7914470 6420074 4634282 2980239
973 971
592378742 816840194 734132097 855160624 819941652 210903170
758472925 645939247 51868956 791826782 920793002 462942610
468621688 417935684 390883244 250249390 725737231 994872517
527216121 531065280 43638393 632971100 459632594 297646591
978 974
26117338 594471597 351796304 52051588 900464675 745288627
9766034 8677372 9712822 9215404 9876240 1645721
209350609 663777509 924283949 943984052 965204593 295461325
3386265 5219491 1493814 1210980 755550 9459882
1000 999
931360670 184737112 449186901 9825009 693265686 83151313
856272279 164567038 458861535 917870915 235684719 229430328
102851846 57172873 464581219 673525416 334576521 584102116
931662401 104692220 930024359 328001338 157902547 589231463
961 954
453413939 852538964 617994482 684220959 293529019 702156159
5743865 2756371 6214491 7721603 3500444 3962438
356844567 333813886 184618389 129240304 177887926 440452231
1843197 3134149 2115541 9151703 4801972 3605578
978 975
349036795 254037590 417043387 498987111 599675239 348417910
431369814 2913985 425994249 295570800 796750743 692143120
62455513 63799001 238889556 628393681 894142732 767372312
505702211 630015749 928443556 888662556 213441454 133642100
951 978
865520426 287105105 70883489 869959050 269352872 562253536
141398075 47223335 297160302 151099579 183391149 857551133
258126040 389907318 354240505 502834431 503658091 696982234
901818671 578797670 922998212 225037861 390151123 647564982
999 961
235930705 349253099 597907806 174372912 757199386 834302403
757131337 669774883 179598447 692898174 288558290 75027832
920353995 441314039 673740031 442022442 42316647 681818904
649434555 574576209 462884669 331810393 739080841 687830723
963 996
147260456 332178322 707554542 749789789 214768223 799246693
436715930 111025144 585005736 120994398 76045702 630399438
59258483 774148864 301573539 785768987 204553827 579116347
23189315 967326106 27593008 298408734 47650161 704632078
953 966
97008266 533001753 394955092 674455766 473797346 868173372
4380248 1376611 1300327 1591266 4175449 7087496
537960513 760106574 934599770 670738398 243981775 646576614
5339539 1151246 375818 2574989 107791 6462815
966 986
263134543 786079428 488837195 767597034 110215225 363080941
423619625 118685996 311404684 85759122 332023272 7642207
411885382 851903401 130427778 824871321 161073754 794158324
509289210 601680577 260847258 824260849 834408216 748349006
959 962
336189099 109335543 117905642 174083807 794818615 820934321
6417462 8381179 1197526 9919912 8379978 5287935
164156994 174361411 193606392 857665205 843576716 86574654
7848019 7790352 1000797 4115045 5830581 3243607
987 974
708913555 881525616 706626564 938695662 975911173 620331134
3013007 6429237 4641938 8225369 801087 6058825
268036226 279706011 602650326 144509748 619014940 620809706
5694745 4982268 7518418 2818534 8328713 4200611
959 999
327790125 917907708 212603336 622066353 975349588 11404963
625675010 95853271 103389622 609600082 35550785 805030749
269856215 867579885 685341344 306521319 842771442 513326863
452907516 920170365 456387009 108518399 177096927 791469483
959 966
185446611 275272050 629983289 614326654 275033838 56451623
7412659 1699671 9063574 3577805 5003711 8407968
527391796 413846904 889091014 275029362 751196792 996719524
5567916 9830096 3177656 8891319 3600648 9140711
967 988
698834255 112006034 158818515 622230166 992809165 833360807
96639425 524331716 743860023 750549975 690025373 963820865
270288615 824916041 100529804 883983964 724906869 619032450
357220915 817869468 293866841 988368072 326089504 308042102
950 958
381281024 25627138 112878498 895691254 812647077 8531689
7308673 8263613 8305091 9399573 7578342 4951084
873347911 55496248 304354061 175451382 792446371 948699878
1878351 6817681 1672011 2387227 7273648 5368052
954 972
440163174 359930346 352953712 457679493 371860242 749714979
2199311 6583687 2228294 437682 1368069 8406141
4182242 782395836 116178926 97072365 443908026 710216369
6799308 9213701 9450906 8791957 255621 3776817
985 977
954601093 228789206 658828722 272621256 35699282 289369732
372133735 64112090 801503689 502166133 626472699 973942719
675858313 16106215 939000278 399541207 486442671 625647124
275063875 765539527 811927702 669165691 867522887 527000319
985 979
530361312 917763446 196076492 172199756 780409705 208816066
4863457 2031176 5172026 5876228 6376750 1447662
570928464 767449488 145158517 68862428 825089124 598186571
2480723 8184932 164171 552280 5653961 3832273
978 982
416063751 443699470 717257300 161216910 227935911 541666721
810284787 789754557 342154277 364537179 602056052 262860103
548138384 978195856 10743954 39404155 457345595 749441
149689253 489425124 395371809 734853055 993552922 51772374
973 953
929121402 446622137 270636996 741636242 213291516 245149853
445223288 541646585 521164994 738574620 910783846 750564654
656869070 208940213 621018613 944726339 545844243 639997971
350344045 402654915 64196824 182524117 830691944 647444517
951 980
40316188 777252024 831421913 796569000 880154930 829112569
3072477 4593072 964374 3822965 1918196 5766146
881812108 582757769 855691892 805854252 170603850 362772469
9935185 1172994 2697389 3432786 2959028 3089330
957 961
538602378 433106324 163907182 285002275 959993738 834732928
810142043 506070157 998272163 541617540 284948122 643781583
429377922 454237490 591432361 451694709 659408631 626534823
986964523 769918394 929149699 986996174 880808047 638654831
983 985
27062801 169063075 266819619 477161510 511383791 586796923
9004793 7268186 3462394 2098729 2861014 3311600
15579809 8882357 310063455 456588510 521000762 354126934
2936823 2850050 8755481 3395876 9022824 6009696
973 970
44165759 594337633 968632892 94899126 693318950 226861763
311193249 754311695 946767762 495224325 904948293 313806962
481198992 57744994 509694228 845344371 792621147 596443721
998950535 177154771 940070411 709892218 339258603 371930611
984 952
681368234 342412027 984160883 545723140 306497337 432247787
620927724 786365710 800038079 828768880 630535811 714197249
519502262 411746614 200468995 564926291 806443273 342305322
611212611 879425364 167888754 464747509 937637083 62545380
950 961
61463119 767825512 788290019 270753063 765741761 107543293
681718420 561475260 513305464 63238240 453737585 459217872
556770391 997253912 940694326 278541727 227403785 275902341
407538013 118528767 330129791 384088691 587542272 206279739
964 980
2968 4608 7605 3323 564 6875
5329 9479 877 7100 4973 978
6816 3299 2445 9817 5129 9864
1947 9431 9710 786 2110 9969
980 987
935937793 257993626 895377315 552481056 688436202 858020460
679703 1339994 2120995 5200086 7545038 5496778
742640369 739232873 751855628 825371484 718393885 75931755
6764095 7064724 3073041 3002789 684778 9182329
