100
3 1 4
1100
1010
0000
1000
2 4 4
1111
1111
1111
0111
1011
1101
10 6 10
0001110001
1101101000
0101000101
1010010010
1000010011
1011101000
1001011000
1101111011
1001100010
1101100111
0100010100
1110110001
0000000010
1111011010
0100100100
1010101111
10 7 3
011
011
110
111
001
000
011
111
010
110
010
100
011
000
001
111
110
10 10 5
11001
01101
00000
10010
11101
00110
01101
01011
00101
01001
11001
10001
01001
11101
01101
00101
00000
01011
10010
00110
1 1 10
1111111111
1111111111
10 10 5
10011
10010
11101
11100
00110
10001
10110
11000
00111
00101
10010
01101
01110
11000
01011
01000
00100
11110
10110
10001
2 6 10
1111000000
0010010001
0010111010
1111110001
1100001100
0000111010
1010111100
0101100111
10 10 8
00011111
00011111
00011110
00011110
01011111
00011111
01011111
00011111
00011111
00011111
00011011
00001111
00010111
01011111
00011101
10011111
00011111
00111111
00011110
10011110
10 10 6
101110
101101
111100
101110
111101
101001
011100
011011
111011
010110
101110
101101
001110
010110
111011
011100
111101
111100
101001
011011
10 7 3
010
101
000
101
001
101
011
100
010
010
000
001
011
110
101
100
010
10 10 9
001100101
011111000
101000100
101011110
100001110
000100000
000101101
000100000
111011101
011101101
011111000
001100101
000100000
101000100
011101101
100001110
101100101
000101101
101011110
111011101
10 10 5
01111
01111
01111
01111
01111
01111
01111
01111
01111
01111
10111
01111
01011
11011
01110
11101
11110
11111
00111
01101
10 10 10
0100101010
1101100010
1011101010
1100110100
1101000000
1001111011
0100000100
0000011101
0110000111
1000000010
0001110011
1010101000
1111011011
1101010000
0100101101
1101110011
0110011011
0100110001
1101110110
0111000001
10 10 4
1100
0011
0000
0111
0101
0111
0111
1011
0111
1001
0011
1000
0100
0000
1100
1110
1011
0111
0101
1001
10 10 8
01001111
11111011
10001110
00010001
01110101
01010110
00001011
10001001
11101000
00100010
11101000
00100010
00010001
01001111
11111011
01010110
01110101
10001110
00001011
10001001
10 10 10
1101101101
1111111111
0011011110
1011000111
0100011101
0111111110
1010100010
1111010101
1100000100
0001100001
1101101101
0011011110
1011000111
0001100001
1100000100
1010100010
0100011101
1111111111
0111111110
1111010101
10 10 5
00011
01100
10110
00010
01011
01110
01010
00000
00110
01110
00010
01110
00011
00110
00000
10110
01011
10011
01010
01100
10 10 10
0001101100
1000001011
0100110100
0001111011
0001001101
1011111111
1111111110
0000010001
1010010001
1011100011
1101101101
0010110101
1110001011
1000010111
0110111011
0100100110
1000100011
0111100001
1110111111
1011010011
10 10 4
0100
0111
0110
0110
0001
0011
0011
1111
0010
1010
1100
1010
0001
1111
0100
0110
0000
0111
0011
0010
1 7 6
101010
001001
000011
011100
000010
000111
110010
111000
10 10 9
101010110
101010110
101010110
101010110
101010110
101010110
101010110
101010110
101010110
101010110
101010110
100010110
101110110
001010110
101000110
101010010
101010100
101010111
101011110
111010110
10 10 6
110111
111101
010101
001101
111101
011101
111101
010111
011111
011101
011101
010101
011111
111111
111101
110011
110111
001101
100111
010111
10 10 4
1011
1011
1011
1011
1011
1011
1011
1011
1011
1011
1011
1101
1111
0111
0011
0001
0010
1110
1001
1010
10 10 7
1111101
0010101
0010101
0010101
0111111
1010101
0000101
0011101
0111101
0111001
1010101
0010101
0000101
0111101
0111001
1011101
0111111
0011101
1101101
1111101
10 10 10
1000010111
1001100010
0110001101
0001111101
0110001101
1010100000
0110111100
1101100111
1111100000
1110110111
1111101100
0111010000
1101011101
0010110011
0111110100
0000011111
1101110100
1001000110
0101001111
0011111100
10 10 8
01010000
00010001
00011011
01001000
00110001
01000101
00100011
01000110
00001000
00100011
00001000
00100011
01010000
11010000
01001000
00011011
01000101
00110001
00010001
01000110
10 10 7
1110010
0001110
1001001
1100001
1000001
0011000
0110011
1010000
0111100
0110010
0110011
1001001
0110010
1110010
1100001
0011000
1000001
0001110
0111100
1010000
7 1 10
1111101101
1001100100
0011101101
1010001101
1011000100
1001000010
1011111110
1001101101
10 10 10
1000111010
1000111010
1000111010
1000111010
1000111010
1000111010
1000111010
1000111010
1100111010
1000111010
1000110010
1000101010
1100111010
1001111010
1000111000
1000111010
0000111010
1000011010
1010111010
1000111110
10 3 2
10
10
10
10
01
11
01
11
11
11
01
10
11
10 9 10
0110011000
0011000000
1011001000
1100001000
0011000100
1111011011
1111111000
0100101111
0011011011
1101000011
0100100101
0000000000
1110010101
0110100101
1110000000
1111111111
1111101000
1010011110
0010010010
10 10 4
1001
1101
1001
0101
1101
0101
1000
0100
1000
0110
1001
1101
1111
0100
0110
1100
0101
0001
1011
1000
10 10 9
111100011
001100010
011100010
000100111
101110000
100001001
110111100
011000101
010110010
000110100
111100011
011000101
010110010
101110000
001100010
100001001
000110100
011100010
000100111
110111100
10 10 6
100011
100111
101011
110101
100011
100011
101111
100110
101011
100110
101011
100110
100001
110011
100111
100011
110101
000011
101111
100010
10 3 2
00
11
00
11
01
10
10
00
00
11
11
01
00
10 10 5
01101
01101
01101
01000
01101
01001
01001
11101
01000
01000
00101
01000
01101
01010
11000
11101
01001
00000
01111
01100
10 1 1
1
1
0
0
1
0
0
0
1
0
1
10 8 10
1100000111
1001100111
0101101010
0000110101
1000110101
0110111011
1110000000
1010100000
0101111110
1100011000
0101000000
1011100001
0000110000
0100111111
0011101101
1001110001
1001001110
0001000110
10 10 6
110101
110001
111001
111001
111101
010001
111111
011001
011101
111101
111001
100101
011001
010001
011101
110001
111101
110101
111111
010101
10 10 4
1011
1011
0011
0010
0011
0011
1011
0011
0011
0011
0111
1111
1010
1001
0011
0001
0010
0110
0000
1011
10 10 10
0000011010
1100111011
0100000110
0000111000
1101110110
0000010010
0110111001
0010010001
0101110100
0101100110
0000111000
0110111001
0010010001
0101110100
0101100110
0100000110
0000010010
0000011010
1100111011
1101110110
10 10 4
0010
1101
1001
0001
1001
1011
0001
0010
1010
1100
1001
0011
1101
0010
0000
0001
1100
1011
0110
1010
10 10 6
000111
001011
001101
011111
001101
001111
010111
011101
111111
001010
001011
001010
011101
001101
111111
100111
011111
000111
010111
001111
10 10 5
11110
11110
11110
11010
11010
11010
11110
11110
11010
11110
01110
10010
10110
11100
11110
11111
01010
11011
11000
11010
10 10 8
11001110
11001110
00101000
11001110
11001110
11001110
11001110
11001110
11001110
11001110
11001111
10001110
01001110
11001010
11000110
11011110
11101110
11001100
00101000
11001110
2 4 6
011001
010001
101011
111111
011001
010001
10 10 8
01111100
00001110
00110010
00011111
10001111
00100001
11000010
00001100
01001110
01110010
01110010
01001110
00100001
00001110
01111100
00110010
00011111
10001111
11000010
00001100
10 10 9
111110010
100000110
000100001
011001010
100011110
110100011
111010000
011101011
000000010
110111001
100110001
110001000
001001010
100001100
011100100
100100010
111100010
111101111
001001100
010110101
10 10 8
01000001
01000001
00111011
11110101
11110101
00111011
01110101
11110001
00111011
11110001
01000001
01100001
01001001
00000001
01110101
11110001
00111011
11110101
01010001
11000001
10 10 10
1111010111
1111010111
1111010111
1111010111
1111010111
1111010111
1111010111
1111010111
1111010111
1111010111
0011100011
0011100001
0100010111
0001111001
0010100101
1101111000
0001000010
0110101111
0011111111
0110110100
10 10 9
001111101
011111101
101101010
101101110
111101110
101111110
101111100
100111101
101101100
101111101
001111101
101111110
101101010
100111101
011111101
101111101
101111100
101101100
111101110
101101110
10 10 6
100110
110101
101010
010101
100100
010000
100111
100100
110001
101100
000110
100100
010101
110001
101100
101010
110101
010000
100110
100111
10 10 10
1000111010
1010110110
1111110110
1111110111
0111100101
1010111010
0111110110
1011110110
1111110010
1111110110
1010111010
1111110111
1011110110
0000111010
0111100101
1010110110
1111110010
1000111010
1111110110
0111110110
10 10 6
000100
100110
000110
101010
101010
101000
100100
000100
101000
000100
001100
101000
000000
000101
100100
010100
101010
000110
000100
100110
1 10 10
1100001100
0100000110
1111000011
1100001100
1001011010
0010101000
1011111100
1001110110
0011101110
1110010001
1001110010
4 10 9
101010110
111100101
110100101
111110011
110111011
111110100
111111111
110110100
100000010
010110111
100111011
100111110
011101011
100001001
10 10 4
0011
0010
0001
0101
0010
1101
1000
1111
1001
1011
0010
1000
1111
0111
0011
0001
1001
0101
1101
1011
10 10 4
0110
0110
0110
0110
0110
0010
0000
0110
0110
0010
0000
0100
1010
1110
0011
0111
1000
0110
0001
0010
10 10 10
0111111000
0111111000
1011011010
1011011110
1011011110
1011111110
1001011010
1011011010
1011111110
1010011010
0000011110
0100111111
1111001101
0010101111
0111111111
1111111011
1110100110
1100110010
1011001101
1101010010
10 10 8
01110011
00100101
00100100
10100101
00000101
10000101
00100101
10100101
01111011
00100101
11110011
00000101
10100101
01110011
10000101
00100100
00100101
01010011
00110011
01111011
10 10 7
0001010
0111001
0100001
0101011
0100001
1011111
0101000
0010111
0101001
0111101
0101001
0100001
1001010
0010111
0111001
0101011
0101000
0111101
0001010
1011111
10 10 6
100101
001000
101000
011010
011011
100111
011000
111100
110000
111000
101000
001000
100101
011011
011000
110000
100111
111000
111100
011010
10 10 8
01001000
00010001
10000100
00110111
10011110
10011100
01100011
10100011
01100100
11111000
01001000
00110111
10011100
01100011
00010001
10011110
10000100
10100011
11111000
01100100
10 10 5
00010
10010
01110
00001
11011
11100
00110
10001
10011
00100
00110
00001
11011
10001
00100
01110
11100
10010
10011
00010
10 10 6
110000
110110
110001
110110
110101
110001
111010
110001
110101
110000
010000
100000
110000
110101
110110
111010
110001
110010
110100
111000
10 10 7
1011010
1000011
1111101
1011000
0100111
0101001
0111001
1000010
0110100
1010010
1000011
0100111
1111101
0101001
1011000
0110100
1000010
1011010
0111001
1010010
10 2 5
11100
11111
00110
01101
01111
00101
01011
11100
11011
01110
01000
11110
10 10 5
01011
11100
01010
00001
11111
11001
11011
10001
01010
10000
00011
10000
11001
11111
01011
11100
11011
00001
10001
01010
1 1 1
1
1
10 10 7
0100011
0011001
0000110
1111011
0011111
1110100
0111111
0011100
1110101
0000101
0000110
0100011
1111011
0011001
0000101
0011111
1110101
1110100
0011100
0111111
10 10 4
0111
0110
1111
1101
0111
0010
0011
1110
0100
0110
0110
0100
1101
1111
1110
0011
1011
0111
0010
0101
10 10 8
11101001
11000000
00000000
01000000
01000000
01000001
10101001
00000000
01000100
10111001
01000000
10111001
01000001
10101001
01101001
00000000
11001001
01000100
11000000
11101001
10 10 6
011100
101010
011000
000100
010010
101110
101000
111010
100100
100001
101010
111010
101110
100100
011100
011000
010010
101000
100001
000100
10 10 5
01110
00111
00010
01110
00110
10110
00110
01010
00001
00110
11110
00001
01100
00010
01111
10110
00111
01010
01110
00110
10 10 9
000110010
000110100
100000001
110111110
001010101
010101111
100111101
010011000
010000011
101011111
001010101
101011111
100111101
010011000
100000001
010000011
000110010
110111110
010101111
000110100
10 10 10
0001011010
1011110000
1000110011
0010110101
0101110000
1101111101
1100000111
0000010011
1111000111
1001110001
1111000111
0010110101
1011110000
0001011010
0000010011
0101110000
1000110011
1100000111
1101111101
1001110001
10 4 10
1110011000
0001110000
1111100001
0011001101
1001110000
0101011001
0101111001
0101111010
0001011001
0000011010
1010100111
0101100000
0011111001
0100110001
5 10 10
0101100110
1100111101
0101001011
1111111001
1110100011
0010001101
1100000110
1110111100
1010001011
0101000001
0011100110
0100110111
0101010101
1001101000
1011110101
1 10 10
1001111011
1011000011
0001001101
0100111010
1111001110
0010111111
0110001101
1001111011
1001110111
0000111000
1011011010
10 10 10
1001000010
0000001000
1000011010
1001010010
0001000110
1001001110
0000011000
0000011100
0001001110
0000011010
1001010010
1001000010
1000011010
0000001000
0000011010
0000011000
0000011100
0001000110
1001001110
0001001110
10 10 8
00110111
01101111
01000010
11000010
10101010
00011111
10110011
01100011
10010110
10010100
00110111
01000010
10010110
10101010
10010100
01101111
10110011
11000010
01100011
00011111
10 10 8
11100000
10010111
01010110
11000100
10010101
00001101
11111000
00000000
00000001
11101000
10010101
00000001
10010111
00000000
11100000
11101000
11000100
11111000
01010110
00001101
1 10 10
0010101010
1001001010
0000010101
1000110101
1010010001
1111011010
0010101010
1010010010
0111011001
0011111010
0111011010
10 10 9
100001011
001111100
100100010
011101001
100111011
001011110
101111001
111001011
000000011
100101111
001111100
100101111
100100010
100001011
011101001
001011110
111001011
101111001
100111011
000000011
10 10 6
100001
101000
100000
101001
100001
001000
001000
100001
101001
101001
110001
100101
101001
001000
111000
100001
100011
000001
101000
100000
10 10 6
011101
111011
011011
110011
100111
101001
000100
010100
100001
011001
110011
011001
000100
010100
101001
100111
011011
100001
111011
011101
10 10 4
1110
1111
1101
0111
1001
1011
1001
0110
0001
1010
1100
1011
0001
1110
1010
1111
1001
0110
1101
0111
10 10 4
0010
0010
0010
1000
0010
0010
0010
1000
1000
1000
1100
0110
1000
1010
1110
0000
1011
0010
0011
1001
1 10 10
1110010001
1001101000
1010111110
1010100101
1000010111
0001010101
1111111001
1110010001
0101011101
1011011101
0100000011
10 10 4
1010
0000
1011
0000
1001
1110
1000
1000
0110
0001
1110
0010
0110
0100
0001
0000
1010
1000
1001
1011
10 10 6
111110
101100
000111
110101
110100
111000
100011
111010
000010
111011
101100
111110
111011
110101
110100
000010
111000
100011
111010
000111
6 10 8
00001001
10011001
11000110
11100011
00101001
11001001
10011111
10000001
01010100
11100001
00101010
10011011
10000111
00000001
11001001
01110010
10 10 8
10011001
00000010
10100001
10010110
00000010
11011001
01011111
11001111
00111011
10011011
01000100
00111101
00100110
10100111
10001010
11100010
11111010
01001100
00110011
10001001
1 1 4
0000
0000
10 10 10
0110001010
1100001010
1100001010
1100001011
1110001010
1100001010
0100001010
1100101010
1100000010
1100001010
0100001010
1100000010
0010001010
1110001010
0110101010
0111001010
1100101010
0110001010
1100001010
1100001011
10 10 10
0110001011
0110001011
0111001010
0110001011
0110001011
0110001011
0110001010
0111001010
0110001011
0110001010
0100001011
0111001011
0111001010
0110000011
1110001011
0110101011
0110001010
0110011011
0010001011
0110001011
1 10 10
1101001110
0110010101
0011100111
1001000101
0011110000
1100001110
0000000111
0000010011
1111100000
0100100101
1101001110
10 10 5
11000
10000
11101
11101
10010
00101
01110
11011
11010
10011
10000
01000
11011
11101
11000
10011
00101
01110
10010
11010
10 10 10
0110010001
0110101011
1001110001
0010011110
0010010111
0101000100
0001001011
1101010100
1010000000
1100011100
1010000000
0001001011
0110101011
0010011110
1101010100
0010010111
1100011100
0110010001
0101000100
1001110001
